11.5997
11.7157
11.8329
11.9512
12.0707
12.1914
12.3133
12.4365
12.5608
12.6864
12.8133
12.9414
13.0708
13.2015
13.3336
13.4669
13.6016
13.7376
13.875
14.0137
14.1538
14.2954
14.4383
14.5827
14.8758
15.0246
15.1748
15.3266
15.4799
15.6347
15.791
15.9489
16.1084
16.2695
16.4322
16.5965
16.9301
17.0994
17.2704
17.4431
17.6175
17.7937
17.9716
18.1513
18.3329
18.5162
18.7013
18.8884
19.0772
19.268
19.4607
19.6553
19.8519
20.0504
20.2509
20.4534
20.6579
20.8645
21.0731
21.2839
21.4967
21.7117
21.9288
22.1481
22.3696
22.5933
22.8192
23.0474
23.2779
23.5106
23.7458
23.9832
24.223
24.4653
24.7099
24.957
25.2066
25.4587
25.7132
25.9704
26.2301
26.4924
26.7573
27.0249
27.2951
27.5681
27.8438
28.1222
28.4034
28.6875
28.9743
29.2641
29.5567
29.8523
30.1508
30.4523
30.7568
31.0644
31.375
31.6888
32.0057
32.3257
32.649
32.9755
33.3052
33.6383
33.9747
34.3144
34.6576
35.0041
35.3542
35.7077
36.0648
36.4255
36.7897
37.1576
37.5292
37.9045
38.2835
38.6664
39.053
39.4435
39.838
40.2364
