mass (GeV)	expected limit (90% CL)	observed limit (90% CL)
11.5	3.09375e-06	5.6379e-06
11.5997	3.03125e-06	2.77383e-06
11.7157	2.96875e-06	3.12638e-06
11.8329	2.90625e-06	2.89563e-06
11.9512	2.875e-06	2.17449e-06
12.0707	2.84375e-06	3.33214e-06
12.1914	2.84375e-06	3.81567e-06
12.3133	2.8125e-06	2.89943e-06
12.4365	2.78125e-06	3.19644e-06
12.5608	2.8125e-06	4.22407e-06
12.6864	2.84375e-06	2.54118e-06
12.8133	2.84375e-06	2.19381e-06
12.9414	2.875e-06	2.25909e-06
13.0708	2.90625e-06	3.35376e-06
13.2015	2.84375e-06	5.02832e-06
13.3336	2.84375e-06	2.6695e-06
13.4669	2.78125e-06	1.98017e-06
13.6016	2.78125e-06	2.56037e-06
13.7376	2.75e-06	3.17404e-06
13.875	2.71875e-06	4.513e-06
14.0137	2.71875e-06	4.54375e-06
14.1538	2.71875e-06	3.47962e-06
14.2954	2.71875e-06	1.8088e-06
14.4383	2.71875e-06	2.19e-06
14.5827	2.71875e-06	2.57149e-06
14.7285	2.75e-06	2.93201e-06
14.8758	2.75e-06	4.18966e-06
15.0246	2.71875e-06	2.81985e-06
15.1748	2.6875e-06	1.42551e-06
15.3266	2.59375e-06	1.39508e-06
15.4799	2.59375e-06	2.08708e-06
15.6347	2.53125e-06	2.38018e-06
15.791	2.5e-06	4.66731e-06
15.9489	2.46875e-06	4.54547e-06
16.1084	2.40625e-06	3.3576e-06
16.2695	2.40625e-06	1.12291e-06
16.4322	2.34375e-06	1.29515e-06
16.5965	2.4375e-06	1.29255e-06
16.7625	2.40625e-06	1.28943e-06
16.9301	2.40625e-06	1.8063e-06
17.0994	2.40625e-06	3.69535e-06
17.2704	2.40625e-06	3.5043e-06
17.4431	2.40625e-06	4.77486e-06
17.6175	2.40625e-06	3.44677e-06
17.7937	2.4375e-06	1.1861e-06
17.9716	2.46875e-06	1.44629e-06
18.1513	2.5e-06	4.93421e-06
18.3329	2.53125e-06	6.28653e-06
18.5162	2.59375e-06	3.5141e-06
18.7013	2.65625e-06	2.43663e-06
18.8884	2.71875e-06	3.42076e-06
19.0772	2.78125e-06	3.14419e-06
19.268	2.90625e-06	3.34007e-06
19.4607	3.03125e-06	4.4206e-06
19.6553	3.15625e-06	4.84228e-06
19.8519	3.28125e-06	3.21357e-06
20.0504	3.28125e-06	2.50486e-06
20.2509	3.21875e-06	3.09294e-06
20.4534	3.15625e-06	4.93089e-06
20.6579	3.09375e-06	4.54391e-06
20.8645	3.03125e-06	2.8938e-06
21.0731	2.96875e-06	2.49403e-06
21.2839	2.96875e-06	3.00801e-06
21.4967	2.90625e-06	4.63836e-06
21.7117	2.84375e-06	2.92048e-06
21.9288	2.84375e-06	2.59598e-06
22.1481	2.78125e-06	2.98109e-06
22.3696	2.78125e-06	2.99981e-06
22.5933	2.75e-06	2.01948e-06
22.8192	2.71875e-06	3.02159e-06
23.0474	2.71875e-06	3.70511e-06
23.2779	2.71875e-06	3.26584e-06
23.5106	2.6875e-06	1.73031e-06
23.7458	2.65625e-06	3.41587e-06
23.9832	2.65625e-06	4.48365e-06
24.223	2.65625e-06	2.98074e-06
24.4653	2.65625e-06	1.39575e-06
24.7099	2.625e-06	1.8634e-06
24.957	2.59375e-06	3.67773e-06
25.2066	2.59375e-06	4.78237e-06
25.4587	2.59375e-06	3.1695e-06
25.7132	2.59375e-06	1.51214e-06
25.9704	2.5625e-06	1.82406e-06
26.2301	2.53125e-06	3.9742e-06
26.4924	2.53125e-06	2.96949e-06
26.7573	2.53125e-06	2.04359e-06
27.0249	2.53125e-06	3.18007e-06
27.2951	2.53125e-06	2.94628e-06
27.5681	2.53125e-06	1.94859e-06
27.8438	2.53125e-06	1.44274e-06
28.1222	2.53125e-06	3.11197e-06
28.4034	2.53125e-06	3.38437e-06
28.6875	2.53125e-06	3.59342e-06
28.9743	2.53125e-06	2.53668e-06
29.2641	2.53125e-06	1.17628e-06
29.5567	2.53125e-06	1.76159e-06
29.8523	2.53125e-06	5.32104e-06
30.1508	2.53125e-06	4.57065e-06
30.4523	2.5625e-06	1.59497e-06
30.7568	2.5625e-06	1.49973e-06
31.0644	2.59375e-06	3.1225e-06
31.375	2.59375e-06	4.51946e-06
31.6888	2.59375e-06	3.66832e-06
32.0057	2.625e-06	1.32209e-06
32.3257	2.65625e-06	1.85345e-06
32.649	2.65625e-06	2.7349e-06
32.9755	2.65625e-06	1.81102e-06
33.3052	2.71875e-06	3.59769e-06
33.6383	2.71875e-06	5.70205e-06
33.9747	2.75e-06	3.50263e-06
34.3144	2.78125e-06	1.30321e-06
34.6576	2.8125e-06	1.92797e-06
35.0041	2.84375e-06	4.77903e-06
35.3542	2.84375e-06	3.33366e-06
35.7077	2.84375e-06	2.83802e-06
36.0648	2.875e-06	2.40515e-06
36.4255	2.90625e-06	3.85802e-06
36.7897	2.90625e-06	2.36635e-06
37.1576	2.90625e-06	1.96425e-06
37.5292	2.9375e-06	2.86292e-06
37.9045	2.96875e-06	4.7918e-06
38.2835	2.96875e-06	3.83396e-06
38.6664	3e-06	2.52548e-06
39.053	3.03125e-06	2.03445e-06
39.4435	3.09375e-06	2.61866e-06
39.838	3.09375e-06	3.5507e-06
40.2364	3.125e-06	6.14179e-06
40.6387	3.15625e-06	5.30122e-06
41.0451	3.15625e-06	2.69659e-06
41.4556	3.15625e-06	2.16344e-06
41.8701	3.15625e-06	2.92434e-06
42.2888	3.21875e-06	4.63156e-06
42.7117	3.21875e-06	2.4033e-06
43.1388	3.25e-06	1.7592e-06
43.5702	3.28125e-06	2.21822e-06
44.0059	3.3125e-06	4.8955e-06
44.446	3.34375e-06	7.26808e-06
44.8904	3.40625e-06	6.45532e-06
44.9999	3.40625e-06	3.01033e-06
45.0	2.0625e-06	2.5732e-06
45.8321	2.07812e-06	2.82003e-06
46.2905	2.08594e-06	1.87069e-06
46.7534	2.13281e-06	1.94042e-06
47.2209	2.10937e-06	2.86435e-06
47.6931	2.125e-06	2.44065e-06
48.17	2.14062e-06	3.2644e-06
48.6517	2.15625e-06	5.062e-06
49.1383	2.17187e-06	2.73431e-06
49.6296	2.25781e-06	2.74331e-06
50.1259	2.21875e-06	1.83607e-06
50.6272	2.21875e-06	1.0994e-06
51.1335	2.23437e-06	1.72178e-06
51.6448	2.28125e-06	3.22693e-06
52.1613	2.33594e-06	2.70522e-06
52.6829	2.29687e-06	2.53204e-06
53.2097	2.32031e-06	2.42522e-06
53.7418	2.34375e-06	3.14261e-06
54.2792	2.375e-06	3.47564e-06
54.822	2.46875e-06	1.91184e-06
55.3702	2.57813e-06	2.11007e-06
55.9239	2.51563e-06	2.3454e-06
56.4832	2.71875e-06	2.54906e-06
57.048	2.53125e-06	3.92994e-06
57.6185	2.64063e-06	3.50093e-06
58.1947	2.5625e-06	1.87843e-06
58.7766	2.58594e-06	1.47933e-06
59.3644	2.70312e-06	2.09147e-06
59.958	2.78125e-06	3.61829e-06
60.5576	2.71875e-06	5.49927e-06
61.1632	2.73437e-06	2.41463e-06
61.7748	2.78125e-06	1.81412e-06
62.3926	2.8125e-06	3.54526e-06
63.0165	2.875e-06	4.94566e-06
63.6466	2.95312e-06	3.16822e-06
64.2831	3e-06	2.58944e-06
64.9259	3.04688e-06	2.02569e-06
65.5752	3.10938e-06	2.1417e-06
66.231	3.17188e-06	3.38121e-06
66.8933	3.34375e-06	6.52486e-06
67.5622	3.35937e-06	4.99402e-06
68.2378	3.42187e-06	2.61397e-06
68.9202	3.34375e-06	2.02655e-06
69.6094	3.5625e-06	3.24234e-06
70.3055	3.5625e-06	6.35503e-06
71.0085	3.6875e-06	6.1934e-06
71.7186	3.85937e-06	3.78143e-06
72.4358	3.96875e-06	3.34171e-06
73.1602	4.15625e-06	4.04474e-06
73.8918	4.375e-06	3.67388e-06
74.6307	4.28125e-06	3.69144e-06
75.0	4.32813e-06	3.60648e-06
110.0	7.71875e-06	1.32396e-05
111.115	7.25e-06	5.51542e-06
112.226	8.96875e-06	4.57808e-06
113.348	7.59375e-06	4.90769e-06
114.482	8.125e-06	6.46793e-06
115.627	7.96875e-06	2.15557e-05
116.783	8.3125e-06	2.49822e-05
117.951	8.90625e-06	1.67808e-05
119.13	9.40625e-06	1.0076e-05
120.322	9.6875e-06	6.94873e-06
121.525	9.8125e-06	9.60085e-06
122.74	9.84375e-06	1.10805e-05
123.967	1.01875e-05	1.3443e-05
125.207	1.03125e-05	1.24741e-05
126.459	1.0625e-05	8.11792e-06
127.724	1.1e-05	8.27873e-06
129.001	1.14375e-05	1.3335e-05
130.291	1.1875e-05	1.6795e-05
131.594	1.20625e-05	1.59275e-05
132.91	1.27813e-05	1.51586e-05
134.239	1.2125e-05	1.31833e-05
135.581	1.24688e-05	1.1521e-05
136.937	1.2625e-05	1.46321e-05
138.307	1.30625e-05	2.33158e-05
139.69	1.35625e-05	1.59317e-05
141.086	1.38125e-05	1.12403e-05
142.497	1.36875e-05	8.83279e-06
143.922	1.39375e-05	1.46912e-05
145.362	1.43125e-05	1.94507e-05
146.815	1.46875e-05	1.82253e-05
148.283	1.5e-05	2.00499e-05
149.766	1.54375e-05	1.14221e-05
151.264	1.5625e-05	1.21431e-05
152.776	1.59375e-05	1.66666e-05
154.304	1.61875e-05	2.27549e-05
155.847	1.64375e-05	2.21399e-05
157.406	1.6875e-05	1.967e-05
158.98	1.69375e-05	2.0283e-05
160.57	1.73125e-05	1.92738e-05
162.175	1.75e-05	1.78962e-05
163.797	1.7875e-05	2.3904e-05
165.435	1.8e-05	1.2523e-05
167.089	1.85e-05	8.4825e-06
168.76	1.89375e-05	1.21493e-05
170.448	1.9125e-05	2.72499e-05
172.152	1.975e-05	3.46305e-05
173.874	2.00625e-05	3.83976e-05
175.613	2.05e-05	3.64462e-05
177.369	2.06875e-05	2.44064e-05
179.142	2.1625e-05	2.42732e-05
180.934	2.1375e-05	3.02766e-05
182.743	2.3875e-05	2.12264e-05
184.571	2.16875e-05	1.60168e-05
186.416	2.5e-05	1.47435e-05
188.28	2.35e-05	2.19176e-05
190.163	2.45e-05	2.56402e-05
192.065	2.475e-05	2.72431e-05
193.986	2.45e-05	3.53298e-05
195.925	2.4875e-05	3.28056e-05
197.885	2.525e-05	2.71896e-05
200.0	2.6e-05	2.69444e-05
